data;
set N := 
1 
2 
3 
4 
5 
6;
set F := 
1 
2 
3 
4 
5 
6 
7 
8 
9 
10 
11 
12 
13 
14;
set F1 := 
1 
2 
3 
4 
5 
6 
7;
set F2 := 
8 
9 
10 
11 
12 
13 
14;
set L := 
1 
2 
3 
4 
5 
6;
set Lt := 
1 
2 
3;
set E := 
1 
2 
3 
4 
5 
6;
set Et := 
1 
2 
3;
set K := 
1 
2;
param link := 
1  1 0
1  2 1
1  3 1
1  4 1
1  5 1
1  6 1
2  1 1
2  2 0
2  3 1
2  4 1
2  5 1
2  6 1
3  1 1
3  2 1
3  3 0
3  4 1
3  5 1
3  6 1
4  1 1
4  2 1
4  3 1
4  4 0
4  5 1
4  6 1
5  1 1
5  2 1
5  3 1
5  4 1
5  5 0
5  6 1
6  1 1
6  2 1
6  3 1
6  4 1
6  5 1
6  6 0;
param d := 
1 1 1 0 
2 1 1 0 
1 1 2 0 
2 1 2 1 
1 1 3 0 
2 1 3 1 
1 1 4 1 
2 1 4 0 
1 1 5 1 
2 1 5 0 
1 1 6 1 
2 1 6 1 
1 2 1 0 
2 2 1 1 
1 2 2 0 
2 2 2 0 
1 2 3 0 
2 2 3 0 
1 2 4 0 
2 2 4 1 
1 2 5 0 
2 2 5 0 
1 2 6 1 
2 2 6 0 
1 3 1 0 
2 3 1 1 
1 3 2 0 
2 3 2 0 
1 3 3 0 
2 3 3 0 
1 3 4 0 
2 3 4 0 
1 3 5 0 
2 3 5 1 
1 3 6 1 
2 3 6 0 
1 4 1 1 
2 4 1 0 
1 4 2 0 
2 4 2 1 
1 4 3 0 
2 4 3 0 
1 4 4 0 
2 4 4 0 
1 4 5 0 
2 4 5 0 
1 4 6 0 
2 4 6 1 
1 5 1 1 
2 5 1 0 
1 5 2 0 
2 5 2 0 
1 5 3 0 
2 5 3 1 
1 5 4 0 
2 5 4 0 
1 5 5 0 
2 5 5 0 
1 5 6 0 
2 5 6 1 
1 6 1 1 
2 6 1 1 
1 6 2 1 
2 6 2 0 
1 6 3 1 
2 6 3 0 
1 6 4 0 
2 6 4 1 
1 6 5 0 
2 6 5 1 
1 6 6 0 
2 6 6 0;
param h :=
1 1 1 0 
2 1 1 0 
1 1 2 1 
2 1 2 2 
1 1 3 2 
2 1 3 3 
1 1 4 1 
2 1 4 2 
1 1 5 2 
2 1 5 3 
1 1 6 3 
2 1 6 3 
1 2 1 1 
2 2 1 2 
1 2 2 0 
2 2 2 0 
1 2 3 1 
2 2 3 3 
1 2 4 1 
2 2 4 2 
1 2 5 2 
2 2 5 2 
1 2 6 2 
2 2 6 3 
1 3 1 2 
2 3 1 3 
1 3 2 1 
2 3 2 3 
1 3 3 0 
2 3 3 0 
1 3 4 2 
2 3 4 2 
1 3 5 1 
2 3 5 2 
1 3 6 1 
2 3 6 2 
1 4 1 1 
2 4 1 2 
1 4 2 1 
2 4 2 2 
1 4 3 2 
2 4 3 2 
1 4 4 0 
2 4 4 0 
1 4 5 1 
2 4 5 3 
1 4 6 2 
2 4 6 3 
1 5 1 2 
2 5 1 3 
1 5 2 2 
2 5 2 2 
1 5 3 1 
2 5 3 2 
1 5 4 1 
2 5 4 3 
1 5 5 0 
2 5 5 0 
1 5 6 1 
2 5 6 2 
1 6 1 3 
2 6 1 3 
1 6 2 2 
2 6 2 3 
1 6 3 1 
2 6 3 2 
1 6 4 2 
2 6 4 3 
1 6 5 1 
2 6 5 2 
1 6 6 0 
2 6 6 0;
param BL := 
1 40 
2 40 
3 100 
4 100 
5 400 
6 400;
param BE := 
1 40 
2 40 
3 100 
4 100 
5 400 
6 400;
param BLt := 
1 40 
2 100 
3 400;
param BEt := 
1 40 
2 100 
3 400;
param CLt := 
1 1 
2 1 
3 2 
4 2 
5 4 
6 4;
param CEt := 
1 2 
2 2 
3 4 
4 4 
5 8 
6 8;
param Bit := 
1 175 
2 50 
3 50 
4 75 
5 150 
6 25 
7 25 
8 10 
9 75 
10 25 
11 75 
12 50 
13 40 
14 150;
param Source := 
1 3 
2 1 
3 1 
4 6 
5 6 
6 5 
7 4 
8 2 
9 2 
10 1 
11 1 
12 1 
13 2 
14 1;
param Des := 
1 5 
2 2 
3 4 
4 5 
5 1 
6 4 
7 2 
8 6 
9 1 
10 6 
11 2 
12 6 
13 1 
14 4;
param UL := 
1 2 
2 2 
3 2;
param UE := 
1 2 
2 2 
3 2;
